Generated by cif2cell 1.1.5.  :  Failed to get author information, No journal information.
  26.060000
  0.000000000000000   0.266385264773599   0.438603223330775
  0.500000000000000   0.000000000000000   0.438603223330775
  0.500000000000000   0.266385264773599   0.000000000000000
  Si   O
  34  68
Direct
  0.722000000000000   0.909000000000000   0.705000000000000 
  0.295000000000000   0.336000000000000   0.278000000000000 
  0.664000000000000   0.705000000000000   0.909000000000000 
  0.705000000000000   0.664000000000000   0.722000000000000 
  0.278000000000000   0.091000000000000   0.295000000000000 
  0.091000000000000   0.278000000000000   0.336000000000000 
  0.909000000000000   0.722000000000000   0.664000000000000 
  0.336000000000000   0.295000000000000   0.091000000000000 
  0.583900000000000   0.169700000000000   0.026700000000000 
  0.973300000000000   0.780300000000000   0.416100000000000 
  0.219700000000000   0.026700000000000   0.169700000000000 
  0.026700000000000   0.219700000000000   0.583900000000000 
  0.416100000000000   0.830300000000000   0.973300000000000 
  0.830300000000000   0.416100000000000   0.780300000000000 
  0.169700000000000   0.583900000000000   0.219700000000000 
  0.780300000000000   0.973300000000000   0.830300000000000 
  0.911900000000000   0.519300000000000   0.088100000000000 
  0.480700000000000   0.088100000000000   0.519300000000000 
  0.088100000000000   0.480700000000000   0.911900000000000 
  0.519300000000000   0.911900000000000   0.480700000000000 
  0.702100000000000   0.901500000000000   0.297900000000000 
  0.098500000000000   0.297900000000000   0.901500000000000 
  0.297900000000000   0.098500000000000   0.702100000000000 
  0.901500000000000   0.702100000000000   0.098500000000000 
  0.053000000000000   0.947000000000000   0.175400000000000 
  0.824600000000000   0.175400000000000   0.947000000000000 
  0.175400000000000   0.824600000000000   0.053000000000000 
  0.947000000000000   0.053000000000000   0.824600000000000 
  0.472400000000000   0.895000000000000   0.105000000000000 
  0.895000000000000   0.472400000000000   0.527600000000000 
  0.527600000000000   0.105000000000000   0.895000000000000 
  0.105000000000000   0.527600000000000   0.472400000000000 
  0.719600000000000   0.719600000000000   0.280400000000000 
  0.280400000000000   0.280400000000000   0.719600000000000 
  0.768900000000000   0.956500000000000   0.739300000000000 
  0.260700000000000   0.464700000000000   0.231100000000000 
  0.535300000000000   0.739300000000000   0.956500000000000 
  0.739300000000000   0.535300000000000   0.768900000000000 
  0.231100000000000   0.043500000000000   0.260700000000000 
  0.043500000000000   0.231100000000000   0.464700000000000 
  0.956500000000000   0.768900000000000   0.535300000000000 
  0.464700000000000   0.260700000000000   0.043500000000000 
  0.679900000000000   0.820100000000000   0.820100000000000 
  0.179900000000000   0.320100000000000   0.320100000000000 
  0.820100000000000   0.679900000000000   0.679900000000000 
  0.320100000000000   0.179900000000000   0.179900000000000 
  0.832000000000000   0.832000000000000   0.668000000000000 
  0.332000000000000   0.332000000000000   0.168000000000000 
  0.668000000000000   0.668000000000000   0.832000000000000 
  0.168000000000000   0.168000000000000   0.332000000000000 
  0.611200000000000   0.032400000000000   0.583800000000000 
  0.416200000000000   0.227400000000000   0.388800000000000 
  0.772600000000000   0.583800000000000   0.032400000000000 
  0.583800000000000   0.772600000000000   0.611200000000000 
  0.388800000000000   0.967600000000000   0.416200000000000 
  0.967600000000000   0.388800000000000   0.227400000000000 
  0.032400000000000   0.611200000000000   0.772600000000000 
  0.227400000000000   0.416200000000000   0.967600000000000 
  0.649000000000000   0.035000000000000   0.162600000000000 
  0.837400000000000   0.846600000000000   0.351000000000000 
  0.153400000000000   0.162600000000000   0.035000000000000 
  0.162600000000000   0.153400000000000   0.649000000000000 
  0.351000000000000   0.965000000000000   0.837400000000000 
  0.965000000000000   0.351000000000000   0.846600000000000 
  0.035000000000000   0.649000000000000   0.153400000000000 
  0.846600000000000   0.837400000000000   0.965000000000000 
  0.691000000000000   0.196400000000000   0.977400000000000 
  0.022600000000000   0.864800000000000   0.309000000000000 
  0.135200000000000   0.977400000000000   0.196400000000000 
  0.977400000000000   0.135200000000000   0.691000000000000 
  0.309000000000000   0.803600000000000   0.022600000000000 
  0.803600000000000   0.309000000000000   0.864800000000000 
  0.196400000000000   0.691000000000000   0.135200000000000 
  0.864800000000000   0.022600000000000   0.803600000000000 
  0.545400000000000   0.156600000000000   0.944600000000000 
  0.055400000000000   0.646600000000000   0.454600000000000 
  0.353400000000000   0.944600000000000   0.156600000000000 
  0.944600000000000   0.353400000000000   0.545400000000000 
  0.454600000000000   0.843400000000000   0.055400000000000 
  0.843400000000000   0.454600000000000   0.646600000000000 
  0.156600000000000   0.545400000000000   0.353400000000000 
  0.646600000000000   0.055400000000000   0.843400000000000 
  0.914400000000000   0.612200000000000   0.085600000000000 
  0.387800000000000   0.085600000000000   0.612200000000000 
  0.085600000000000   0.387800000000000   0.914400000000000 
  0.612200000000000   0.914400000000000   0.387800000000000 
  0.000000000000000   0.500000000000000   0.000000000000000 
  0.500000000000000   0.000000000000000   0.500000000000000 
  0.709400000000000   0.810200000000000   0.290600000000000 
  0.189800000000000   0.290600000000000   0.810200000000000 
  0.290600000000000   0.189800000000000   0.709400000000000 
  0.810200000000000   0.709400000000000   0.189800000000000 
  0.131700000000000   0.868300000000000   0.131700000000000 
  0.868300000000000   0.131700000000000   0.868300000000000 
  0.927500000000000   0.072500000000000   0.072500000000000 
  0.072500000000000   0.927500000000000   0.927500000000000 
  0.584500000000000   0.775500000000000   0.224500000000000 
  0.775500000000000   0.584500000000000   0.415500000000000 
  0.415500000000000   0.224500000000000   0.775500000000000 
  0.224500000000000   0.415500000000000   0.584500000000000 
  0.500000000000000   0.000000000000000   0.000000000000000 
  0.000000000000000   0.500000000000000   0.500000000000000 
