    1.6824    1.6948    1.7306    1.7899    1.8680    1.9624    2.0695    2.1847    2.3039    2.4226    2.5339    2.6342    2.7184    2.7817    2.8216    2.8359    2.8216    2.7817    2.7185    2.6343    2.5340    2.4227    2.3041    2.1849    2.0697    1.9626    1.8682    1.7901    1.7309    1.6951    1.6827    1.6951    1.7309    1.7901    1.8682    1.9626    2.0697    2.1849    2.3041    2.4227    2.5340    2.6343    2.7185    2.7817    2.8216    2.8359    2.8216    2.7817    2.7184    2.6342    2.5339    2.4226    2.3039    2.1847    2.0695    1.9624    1.8680    1.7899    1.7306    1.6948    1.6824
    1.6948    1.6773    1.6842    1.7130    1.7632    1.8315    1.9140    2.0059    2.1033    2.2002    2.2917    2.3722    2.4371    2.4832    2.5075    2.5075    2.4833    2.4372    2.3723    2.2918    2.2003    2.1035    2.0061    1.9143    1.8317    1.7634    1.7133    1.6845    1.6776    1.6951    1.7360    1.8006    1.8855    1.9890    2.1065    2.2351    2.3706    2.5088    2.6457    2.7764    2.8946    2.9969    3.0785    3.1349    3.1645    3.1645    3.1349    3.0784    2.9969    2.8945    2.7763    2.6455    2.5087    2.3704    2.2349    2.1063    1.9888    1.8852    1.8003    1.7358    1.6948
    1.7306    1.6842    1.6596    1.6573    1.6766    1.7151    1.7689    1.8339    1.9059    1.9788    2.0484    2.1076    2.1540    2.1833    2.1939    2.1833    2.1541    2.1077    2.0485    1.9790    1.9061    1.8341    1.7691    1.7153    1.6768    1.6576    1.6599    1.6845    1.7309    1.8006    1.8912    2.0001    2.1247    2.2627    2.4097    2.5624    2.7171    2.8707    3.0178    3.1536    3.2734    3.3723    3.4468    3.4926    3.5089    3.4926    3.4467    3.3722    3.2733    3.1535    3.0177    2.8706    2.7170    2.5622    2.4095    2.2625    2.1245    1.9998    1.8910    1.8003    1.7306
    1.7899    1.7130    1.6573    1.6229    1.6089    1.6135    1.6349    1.6694    1.7120    1.7581    1.8025    1.8407    1.8685    1.8836    1.8837    1.8686    1.8408    1.8026    1.7583    1.7121    1.6696    1.6351    1.6138    1.6092    1.6231    1.6576    1.7133    1.7901    1.8855    2.0001    2.1304    2.2742    2.4294    2.5929    2.7605    2.9297    3.0972    3.2596    3.4110    3.5471    3.6635    3.7557    3.8192    3.8519    3.8518    3.8192    3.7556    3.6634    3.5470    3.4109    3.2595    3.0971    2.9295    2.7603    2.5927    2.4291    2.2739    2.1301    1.9998    1.8852    1.7899
    1.8680    1.7632    1.6766    1.6089    1.5594    1.5283    1.5130    1.5117    1.5211    1.5365    1.5548    1.5711    1.5825    1.5864    1.5826    1.5712    1.5549    1.5367    1.5213    1.5120    1.5132    1.5286    1.5597    1.6092    1.6768    1.7634    1.8682    1.9890    2.1247    2.2742    2.4352    2.6053    2.7825    2.9638    3.1466    3.3270    3.5022    3.6672    3.8184    3.9511    4.0605    4.1425    4.1930    4.2092    4.1930    4.1424    4.0605    3.9510    3.8183    3.6671    3.5021    3.3268    3.1464    2.9636    2.7823    2.6051    2.4349    2.2739    2.1245    1.9888    1.8680
    1.9624    1.8315    1.7151    1.6135    1.5283    1.4580    1.4029    1.3618    1.3326    1.3148    1.3045    1.2994    1.2971    1.2971    1.2994    1.3047    1.3149    1.3328    1.3620    1.4031    1.4583    1.5286    1.6138    1.7153    1.8317    1.9626    2.1065    2.2628    2.4294    2.6053    2.7889    2.9784    3.1717    3.3654    3.5579    3.7449    3.9231    4.0881    4.2360    4.3613    4.4607    4.5301    4.5654    4.5654    4.5301    4.4607    4.3613    4.2359    4.0880    3.9230    3.7448    3.5578    3.3652    3.1715    2.9782    2.7887    2.6051    2.4291    2.2625    2.1063    1.9624
    2.0695    1.9140    1.7689    1.6349    1.5130    1.4029    1.3050    1.2199    1.1489    1.0922    1.0507    1.0256    1.0170    1.0257    1.0508    1.0923    1.1491    1.2201    1.3053    1.4031    1.5132    1.6351    1.7691    1.9143    2.0697    2.2351    2.4097    2.5929    2.7825    2.9784    3.1791    3.3823    3.5870    3.7898    3.9879    4.1776    4.3551    4.5170    4.6585    4.7750    4.8622    4.9168    4.9361    4.9168    4.8622    4.7750    4.6585    4.5169    4.3550    4.1775    3.9877    3.7897    3.5868    3.3821    3.1789    2.9782    2.7823    2.5927    2.4095    2.2349    2.0695
    2.1847    2.0059    1.8339    1.6694    1.5117    1.3618    1.2199    1.0884    0.9695    0.8687    0.7938    0.7529    0.7529    0.7939    0.8689    0.9697    1.0886    1.2202    1.3620    1.5120    1.6697    1.8342    2.0062    2.1849    2.3707    2.5624    2.7605    2.9638    3.1717    3.3823    3.5957    3.8090    4.0219    4.2295    4.4301    4.6195    4.7943    4.9506    5.0840    5.1889    5.2621    5.2994    5.2994    5.2620    5.1889    5.0840    4.9506    4.7942    4.6194    4.4299    4.2294    4.0217    3.8089    3.5955    3.3821    3.1715    2.9636    2.7603    2.5622    2.3704    2.1847
    2.3039    2.1033    1.9059    1.7120    1.5211    1.3326    1.1489    0.9695    0.7990    0.6471    0.5329    0.4881    0.5330    0.6472    0.7992    0.9697    1.1492    1.3328    1.5214    1.7122    1.9062    2.1036    2.3042    2.5089    2.7172    2.9297    3.1466    3.3654    3.5870    3.8091    4.0311    4.2522    4.4701    4.6807    4.8808    5.0678    5.2375    5.3857    5.5084    5.5997    5.6573    5.6761    5.6572    5.5997    5.5084    5.3857    5.2374    5.0677    4.8807    4.6806    4.4700    4.2521    4.0310    3.8089    3.5868    3.3652    3.1464    2.9295    2.7170    2.5087    2.3039
    2.4226    2.2002    1.9788    1.7581    1.5365    1.3148    1.0922    0.8687    0.6471    0.4347    0.2679    0.2680    0.4349    0.6473    0.8689    1.0924    1.3150    1.5368    1.7584    1.9790    2.2004    2.4228    2.6457    2.8708    3.0973    3.3270    3.5579    3.7898    4.0219    4.2522    4.4821    4.7073    4.9273    5.1370    5.3348    5.5174    5.6802    5.8184    5.9291    6.0062    6.0452    6.0452    6.0062    5.9291    5.8183    5.6801    5.5174    5.3347    5.1369    4.9272    4.7072    4.4820    4.2521    4.0217    3.7897    3.5578    3.3268    3.0971    2.8706    2.6455    2.4226
    2.5339    2.2917    2.0484    1.8025    1.5548    1.3045    1.0507    0.7938    0.5329    0.2679    0.0001    0.2681    0.5331    0.7940    1.0509    1.3048    1.5550    1.8027    2.0486    2.2919    2.5341    2.7765    3.0179    3.2597    3.5023    3.7450    3.9879    4.2295    4.4701    4.7073    4.9409    5.1677    5.3879    5.5952    5.7881    5.9627    6.0709    6.0090    5.9648    5.9382    5.9294    5.9382    5.9648    6.0090    6.0709    5.9626    5.7880    5.5951    5.3878    5.1676    4.9407    4.7072    4.4700    4.2294    3.9877    3.7448    3.5021    3.2595    3.0177    2.7763    2.5339
    2.6342    2.3722    2.1076    1.8407    1.5711    1.2994    1.0256    0.7529    0.4881    0.2680    0.2681    0.4882    0.7531    1.0258    1.2995    1.5713    1.8409    2.1078    2.3724    2.6344    2.8947    3.1537    3.4111    3.6673    3.9231    4.1777    4.4301    4.6808    4.9273    5.1677    5.4031    5.6309    5.8460    6.0421    5.9360    5.8476    5.7768    5.7236    5.6882    5.6705    5.6705    5.6882    5.7236    5.7768    5.8476    5.9360    6.0421    5.8459    5.6308    5.4030    5.1676    4.9272    4.6806    4.4299    4.1775    3.9230    3.6671    3.4109    3.1535    2.8945    2.6342
    2.7184    2.4371    2.1540    1.8685    1.5825    1.2971    1.0170    0.7529    0.5330    0.4349    0.5331    0.7531    1.0172    1.2973    1.5827    1.8687    2.1542    2.4373    2.7186    2.9970    3.2735    3.5472    3.8184    4.0882    4.3551    4.6196    4.8808    5.1370    5.3879    5.6309    5.8631    5.9877    5.8547    5.7395    5.6420    5.5622    5.5001    5.4558    5.4292    5.4203    5.4292    5.4558    5.5001    5.5622    5.6420    5.7395    5.8547    5.9877    5.8630    5.6308    5.3878    5.1369    4.8807    4.6194    4.3550    4.0880    3.8183    3.5470    3.2733    2.9969    2.7184
    2.7817    2.4832    2.1833    1.8836    1.5864    1.2971    1.0257    0.7939    0.6472    0.6473    0.7940    1.0258    1.2973    1.5865    1.8838    2.1834    2.4834    2.7818    3.0786    3.3724    3.6635    3.9512    4.2361    4.5170    4.7944    5.0679    5.3348    5.5952    5.8460    5.9877    5.8275    5.6853    5.5609    5.4543    5.3655    5.2944    5.2411    5.2056    5.1878    5.1878    5.2056    5.2411    5.2944    5.3654    5.4543    5.5609    5.6853    5.8275    5.9877    5.8459    5.5951    5.3347    5.0677    4.7942    4.5169    4.2359    3.9510    3.6634    3.3722    3.0784    2.7817
    2.8216    2.5075    2.1939    1.8837    1.5826    1.2994    1.0508    0.8689    0.7992    0.8689    1.0509    1.2995    1.5827    1.8838    2.1940    2.5076    2.8217    3.1351    3.4469    3.7558    4.0606    4.3614    4.6586    4.9507    5.2375    5.5175    5.7881    6.0421    5.8547    5.6853    5.5338    5.4001    5.2844    5.1865    5.1065    5.0442    4.9997    4.9731    4.9642    4.9731    4.9997    5.0442    5.1065    5.1865    5.2844    5.4001    5.5338    5.6853    5.8547    6.0421    5.7880    5.5174    5.2374    4.9506    4.6585    4.3613    4.0605    3.7556    3.4467    3.1349    2.8216
    2.8359    2.5075    2.1833    1.8686    1.5712    1.3047    1.0923    0.9697    0.9697    1.0924    1.3048    1.5713    1.8687    2.1834    2.5076    2.8360    3.1646    3.4927    3.8193    4.1426    4.4608    4.7751    5.0841    5.3858    5.6802    5.9628    5.9360    5.7395    5.5609    5.4001    5.2574    5.1325    5.0255    4.9364    4.8651    4.8117    4.7761    4.7583    4.7583    4.7761    4.8117    4.8651    4.9364    5.0255    5.1325    5.2573    5.4001    5.5609    5.7395    5.9360    5.9626    5.6801    5.3857    5.0840    4.7750    4.4607    4.1424    3.8192    3.4926    3.1645    2.8359
    2.8216    2.4833    2.1541    1.8408    1.5549    1.3149    1.1491    1.0886    1.1492    1.3150    1.5550    1.8409    2.1542    2.4834    2.8217    3.1646    3.5091    3.8520    4.1931    4.5302    4.8623    5.1890    5.5085    5.8185    6.0709    5.8476    5.6420    5.4543    5.2844    5.1325    4.9985    4.8824    4.7842    4.7039    4.6415    4.5970    4.5702    4.5613    4.5702    4.5970    4.6415    4.7039    4.7842    4.8824    4.9985    5.1325    5.2844    5.4543    5.6420    5.8476    6.0709    5.8183    5.5084    5.1889    4.8622    4.5301    4.1930    3.8518    3.5089    3.1645    2.8216
    2.7817    2.4372    2.1077    1.8026    1.5367    1.3328    1.2201    1.2202    1.3328    1.5368    1.8027    2.1078    2.4373    2.7818    3.1351    3.4927    3.8520    4.2093    4.5655    4.9169    5.2622    5.5998    5.9292    6.0090    5.7768    5.5622    5.3655    5.1865    5.0255    4.8824    4.7572    4.6500    4.5607    4.4892    4.4357    4.4000    4.3822    4.3822    4.4000    4.4357    4.4892    4.5607    4.6500    4.7572    4.8824    5.0255    5.1865    5.3654    5.5622    5.7768    6.0090    5.9291    5.5997    5.2620    4.9168    4.5654    4.2092    3.8519    3.4926    3.1349    2.7817
    2.7185    2.3723    2.0485    1.7583    1.5213    1.3620    1.3053    1.3620    1.5214    1.7584    2.0486    2.3724    2.7186    3.0786    3.4469    3.8193    4.1931    4.5655    4.9363    5.2995    5.6574    6.0063    5.9648    5.7236    5.5001    5.2944    5.1065    4.9364    4.7842    4.6500    4.5337    4.4353    4.3549    4.2923    4.2477    4.2209    4.2119    4.2209    4.2476    4.2923    4.3549    4.4353    4.5337    4.6500    4.7842    4.9364    5.1065    5.2944    5.5001    5.7236    5.9648    6.0062    5.6572    5.2994    4.9361    4.5654    4.1930    3.8192    3.4468    3.0785    2.7185
    2.6343    2.2918    1.9790    1.7121    1.5120    1.4031    1.4031    1.5120    1.7122    1.9790    2.2919    2.6344    2.9970    3.3724    3.7558    4.1426    4.5302    4.9169    5.2995    5.6762    6.0453    5.9382    5.6882    5.4558    5.2411    5.0442    4.8651    4.7039    4.5607    4.4353    4.3279    4.2384    4.1669    4.1132    4.0775    4.0596    4.0596    4.0775    4.1132    4.1669    4.2384    4.3279    4.4353    4.5607    4.7039    4.8651    5.0442    5.2411    5.4558    5.6882    5.9382    6.0452    5.6761    5.2994    4.9168    4.5301    4.1425    3.7557    3.3723    2.9969    2.6343
    2.5340    2.2003    1.9061    1.6696    1.5132    1.4583    1.5132    1.6697    1.9062    2.2004    2.5341    2.8947    3.2735    3.6635    4.0606    4.4608    4.8623    5.2622    5.6574    6.0453    5.9294    5.6705    5.4292    5.2056    4.9997    4.8117    4.6415    4.4892    4.3549    4.2384    4.1399    4.0594    3.9967    3.9520    3.9252    3.9162    3.9252    3.9520    3.9967    4.0594    4.1399    4.2384    4.3549    4.4892    4.6415    4.8117    4.9997    5.2056    5.4292    5.6705    5.9294    6.0452    5.6573    5.2621    4.8622    4.4607    4.0605    3.6635    3.2734    2.8946    2.5340
    2.4227    2.1035    1.8341    1.6351    1.5286    1.5286    1.6351    1.8342    2.1036    2.4228    2.7765    3.1537    3.5472    3.9512    4.3614    4.7751    5.1890    5.5998    6.0063    5.9382    5.6705    5.4203    5.1878    4.9731    4.7761    4.5970    4.4357    4.2923    4.1669    4.0594    3.9698    3.8982    3.8445    3.8087    3.7908    3.7908    3.8087    3.8445    3.8982    3.9698    4.0594    4.1669    4.2923    4.4357    4.5970    4.7761    4.9731    5.1878    5.4203    5.6705    5.9382    6.0062    5.5997    5.1889    4.7750    4.3613    3.9511    3.5471    3.1536    2.7764    2.4227
    2.3041    2.0061    1.7691    1.6138    1.5597    1.6138    1.7691    2.0062    2.3042    2.6457    3.0179    3.4111    3.8184    4.2361    4.6586    5.0841    5.5085    5.9292    5.9648    5.6882    5.4292    5.1878    4.9642    4.7583    4.5702    4.4000    4.2477    4.1132    3.9967    3.8982    3.8175    3.7548    3.7101    3.6832    3.6743    3.6832    3.7101    3.7548    3.8175    3.8982    3.9967    4.1132    4.2476    4.4000    4.5702    4.7583    4.9642    5.1878    5.4292    5.6882    5.9648    5.9291    5.5084    5.0840    4.6585    4.2360    3.8184    3.4110    3.0178    2.6457    2.3041
    2.1849    1.9143    1.7153    1.6092    1.6092    1.7153    1.9143    2.1849    2.5089    2.8708    3.2597    3.6673    4.0882    4.5170    4.9507    5.3858    5.8185    6.0090    5.7236    5.4558    5.2056    4.9731    4.7583    4.5613    4.3822    4.2209    4.0775    3.9520    3.8445    3.7548    3.6832    3.6294    3.5936    3.5757    3.5757    3.5936    3.6294    3.6832    3.7548    3.8445    3.9520    4.0775    4.2209    4.3822    4.5613    4.7583    4.9731    5.2056    5.4558    5.7236    6.0090    5.8184    5.3857    4.9506    4.5170    4.0881    3.6672    3.2596    2.8707    2.5088    2.1849
    2.0697    1.8317    1.6768    1.6231    1.6768    1.8317    2.0697    2.3707    2.7172    3.0973    3.5023    3.9231    4.3551    4.7944    5.2375    5.6802    6.0709    5.7768    5.5001    5.2411    4.9997    4.7761    4.5702    4.3822    4.2119    4.0596    3.9252    3.8087    3.7101    3.6294    3.5667    3.5219    3.4950    3.4861    3.4950    3.5219    3.5667    3.6294    3.7101    3.8087    3.9252    4.0596    4.2119    4.3822    4.5702    4.7761    4.9997    5.2411    5.5001    5.7768    6.0709    5.6802    5.2375    4.7943    4.3551    3.9231    3.5022    3.0972    2.7171    2.3706    2.0697
    1.9626    1.7634    1.6576    1.6576    1.7634    1.9626    2.2351    2.5624    2.9297    3.3270    3.7450    4.1777    4.6196    5.0679    5.5175    5.9628    5.8476    5.5622    5.2944    5.0442    4.8117    4.5970    4.4000    4.2209    4.0596    3.9162    3.7908    3.6832    3.5936    3.5219    3.4681    3.4323    3.4144    3.4144    3.4323    3.4681    3.5219    3.5936    3.6832    3.7908    3.9162    4.0596    4.2209    4.4000    4.5970    4.8117    5.0442    5.2944    5.5622    5.8476    5.9627    5.5174    5.0678    4.6195    4.1776    3.7449    3.3270    2.9297    2.5624    2.2351    1.9626
    1.8682    1.7133    1.6599    1.7133    1.8682    2.1065    2.4097    2.7605    3.1466    3.5579    3.9879    4.4301    4.8808    5.3348    5.7881    5.9360    5.6420    5.3655    5.1065    4.8651    4.6415    4.4357    4.2477    4.0775    3.9252    3.7908    3.6743    3.5757    3.4950    3.4323    3.3875    3.3606    3.3517    3.3606    3.3875    3.4323    3.4950    3.5757    3.6743    3.7908    3.9252    4.0775    4.2477    4.4357    4.6415    4.8651    5.1065    5.3655    5.6420    5.9360    5.7881    5.3348    4.8808    4.4301    3.9879    3.5579    3.1466    2.7605    2.4097    2.1065    1.8682
    1.7901    1.6845    1.6845    1.7901    1.9890    2.2628    2.5929    2.9638    3.3654    3.7898    4.2295    4.6808    5.1370    5.5952    6.0421    5.7395    5.4543    5.1865    4.9364    4.7039    4.4892    4.2923    4.1132    3.9520    3.8087    3.6832    3.5757    3.4861    3.4144    3.3606    3.3248    3.3069    3.3069    3.3248    3.3606    3.4144    3.4861    3.5757    3.6832    3.8087    3.9520    4.1132    4.2923    4.4892    4.7039    4.9364    5.1865    5.4543    5.7395    6.0421    5.5952    5.1370    4.6807    4.2295    3.7898    3.3654    2.9638    2.5929    2.2627    1.9890    1.7901
    1.7309    1.6776    1.7309    1.8855    2.1247    2.4294    2.7825    3.1717    3.5870    4.0219    4.4701    4.9273    5.3879    5.8460    5.8547    5.5609    5.2844    5.0255    4.7842    4.5607    4.3549    4.1669    3.9967    3.8445    3.7101    3.5936    3.4950    3.4144    3.3517    3.3069    3.2800    3.2711    3.2800    3.3069    3.3517    3.4144    3.4950    3.5936    3.7101    3.8445    3.9967    4.1669    4.3549    4.5607    4.7842    5.0255    5.2844    5.5609    5.8547    5.8460    5.3879    4.9273    4.4701    4.0219    3.5870    3.1717    2.7825    2.4294    2.1247    1.8855    1.7309
    1.6951    1.6951    1.8006    2.0001    2.2742    2.6053    2.9784    3.3823    3.8091    4.2522    4.7073    5.1677    5.6309    5.9877    5.6853    5.4001    5.1325    4.8824    4.6500    4.4353    4.2384    4.0594    3.8982    3.7548    3.6294    3.5219    3.4323    3.3606    3.3069    3.2711    3.2532    3.2532    3.2711    3.3069    3.3606    3.4323    3.5219    3.6294    3.7548    3.8982    4.0594    4.2384    4.4353    4.6500    4.8824    5.1325    5.4001    5.6853    5.9877    5.6309    5.1677    4.7073    4.2522    3.8090    3.3823    2.9784    2.6053    2.2742    2.0001    1.8006    1.6951
    1.6827    1.7360    1.8912    2.1304    2.4352    2.7889    3.1791    3.5957    4.0311    4.4821    4.9409    5.4031    5.8631    5.8275    5.5338    5.2574    4.9985    4.7572    4.5337    4.3279    4.1399    3.9698    3.8175    3.6832    3.5667    3.4681    3.3875    3.3248    3.2800    3.2532    3.2442    3.2532    3.2800    3.3248    3.3875    3.4681    3.5667    3.6832    3.8175    3.9698    4.1399    4.3279    4.5337    4.7572    4.9985    5.2574    5.5338    5.8275    5.8631    5.4031    4.9409    4.4821    4.0311    3.5957    3.1791    2.7889    2.4352    2.1304    1.8912    1.7360    1.6827
    1.6951    1.8006    2.0001    2.2742    2.6053    2.9784    3.3823    3.8090    4.2522    4.7073    5.1677    5.6309    5.9877    5.6853    5.4001    5.1325    4.8824    4.6500    4.4353    4.2384    4.0594    3.8982    3.7548    3.6294    3.5219    3.4323    3.3606    3.3069    3.2711    3.2532    3.2532    3.2711    3.3069    3.3606    3.4323    3.5219    3.6294    3.7548    3.8982    4.0594    4.2384    4.4353    4.6500    4.8824    5.1325    5.4001    5.6853    5.9877    5.6309    5.1677    4.7073    4.2522    3.8091    3.3823    2.9784    2.6053    2.2742    2.0001    1.8006    1.6951    1.6951
    1.7309    1.8855    2.1247    2.4294    2.7825    3.1717    3.5870    4.0219    4.4701    4.9273    5.3879    5.8460    5.8547    5.5609    5.2844    5.0255    4.7842    4.5607    4.3549    4.1669    3.9967    3.8445    3.7101    3.5936    3.4950    3.4144    3.3517    3.3069    3.2800    3.2711    3.2800    3.3069    3.3517    3.4144    3.4950    3.5936    3.7101    3.8445    3.9967    4.1669    4.3549    4.5607    4.7842    5.0255    5.2844    5.5609    5.8547    5.8460    5.3879    4.9273    4.4701    4.0219    3.5870    3.1717    2.7825    2.4294    2.1247    1.8855    1.7309    1.6776    1.7309
    1.7901    1.9890    2.2627    2.5929    2.9638    3.3654    3.7898    4.2295    4.6807    5.1370    5.5952    6.0421    5.7395    5.4543    5.1865    4.9364    4.7039    4.4892    4.2923    4.1132    3.9520    3.8087    3.6832    3.5757    3.4861    3.4144    3.3606    3.3248    3.3069    3.3069    3.3248    3.3606    3.4144    3.4861    3.5757    3.6832    3.8087    3.9520    4.1132    4.2923    4.4892    4.7039    4.9364    5.1865    5.4543    5.7395    6.0421    5.5952    5.1370    4.6808    4.2295    3.7898    3.3654    2.9638    2.5929    2.2628    1.9890    1.7901    1.6845    1.6845    1.7901
    1.8682    2.1065    2.4097    2.7605    3.1466    3.5579    3.9879    4.4301    4.8808    5.3348    5.7881    5.9360    5.6420    5.3655    5.1065    4.8651    4.6415    4.4357    4.2477    4.0775    3.9252    3.7908    3.6743    3.5757    3.4950    3.4323    3.3875    3.3606    3.3517    3.3606    3.3875    3.4323    3.4950    3.5757    3.6743    3.7908    3.9252    4.0775    4.2477    4.4357    4.6415    4.8651    5.1065    5.3655    5.6420    5.9360    5.7881    5.3348    4.8808    4.4301    3.9879    3.5579    3.1466    2.7605    2.4097    2.1065    1.8682    1.7133    1.6599    1.7133    1.8682
    1.9626    2.2351    2.5624    2.9297    3.3270    3.7449    4.1776    4.6195    5.0678    5.5174    5.9627    5.8476    5.5622    5.2944    5.0442    4.8117    4.5970    4.4000    4.2209    4.0596    3.9162    3.7908    3.6832    3.5936    3.5219    3.4681    3.4323    3.4144    3.4144    3.4323    3.4681    3.5219    3.5936    3.6832    3.7908    3.9162    4.0596    4.2209    4.4000    4.5970    4.8117    5.0442    5.2944    5.5622    5.8476    5.9628    5.5175    5.0679    4.6196    4.1777    3.7450    3.3270    2.9297    2.5624    2.2351    1.9626    1.7634    1.6576    1.6576    1.7634    1.9626
    2.0697    2.3706    2.7171    3.0972    3.5022    3.9231    4.3551    4.7943    5.2375    5.6802    6.0709    5.7768    5.5001    5.2411    4.9997    4.7761    4.5702    4.3822    4.2119    4.0596    3.9252    3.8087    3.7101    3.6294    3.5667    3.5219    3.4950    3.4861    3.4950    3.5219    3.5667    3.6294    3.7101    3.8087    3.9252    4.0596    4.2119    4.3822    4.5702    4.7761    4.9997    5.2411    5.5001    5.7768    6.0709    5.6802    5.2375    4.7944    4.3551    3.9231    3.5023    3.0973    2.7172    2.3707    2.0697    1.8317    1.6768    1.6231    1.6768    1.8317    2.0697
    2.1849    2.5088    2.8707    3.2596    3.6672    4.0881    4.5170    4.9506    5.3857    5.8184    6.0090    5.7236    5.4558    5.2056    4.9731    4.7583    4.5613    4.3822    4.2209    4.0775    3.9520    3.8445    3.7548    3.6832    3.6294    3.5936    3.5757    3.5757    3.5936    3.6294    3.6832    3.7548    3.8445    3.9520    4.0775    4.2209    4.3822    4.5613    4.7583    4.9731    5.2056    5.4558    5.7236    6.0090    5.8185    5.3858    4.9507    4.5170    4.0882    3.6673    3.2597    2.8708    2.5089    2.1849    1.9143    1.7153    1.6092    1.6092    1.7153    1.9143    2.1849
    2.3041    2.6457    3.0178    3.4110    3.8184    4.2360    4.6585    5.0840    5.5084    5.9291    5.9648    5.6882    5.4292    5.1878    4.9642    4.7583    4.5702    4.4000    4.2476    4.1132    3.9967    3.8982    3.8175    3.7548    3.7101    3.6832    3.6743    3.6832    3.7101    3.7548    3.8175    3.8982    3.9967    4.1132    4.2477    4.4000    4.5702    4.7583    4.9642    5.1878    5.4292    5.6882    5.9648    5.9292    5.5085    5.0841    4.6586    4.2361    3.8184    3.4111    3.0179    2.6457    2.3042    2.0062    1.7691    1.6138    1.5597    1.6138    1.7691    2.0061    2.3041
    2.4227    2.7764    3.1536    3.5471    3.9511    4.3613    4.7750    5.1889    5.5997    6.0062    5.9382    5.6705    5.4203    5.1878    4.9731    4.7761    4.5970    4.4357    4.2923    4.1669    4.0594    3.9698    3.8982    3.8445    3.8087    3.7908    3.7908    3.8087    3.8445    3.8982    3.9698    4.0594    4.1669    4.2923    4.4357    4.5970    4.7761    4.9731    5.1878    5.4203    5.6705    5.9382    6.0063    5.5998    5.1890    4.7751    4.3614    3.9512    3.5472    3.1537    2.7765    2.4228    2.1036    1.8342    1.6351    1.5286    1.5286    1.6351    1.8341    2.1035    2.4227
    2.5340    2.8946    3.2734    3.6635    4.0605    4.4607    4.8622    5.2621    5.6573    6.0452    5.9294    5.6705    5.4292    5.2056    4.9997    4.8117    4.6415    4.4892    4.3549    4.2384    4.1399    4.0594    3.9967    3.9520    3.9252    3.9162    3.9252    3.9520    3.9967    4.0594    4.1399    4.2384    4.3549    4.4892    4.6415    4.8117    4.9997    5.2056    5.4292    5.6705    5.9294    6.0453    5.6574    5.2622    4.8623    4.4608    4.0606    3.6635    3.2735    2.8947    2.5341    2.2004    1.9062    1.6697    1.5132    1.4583    1.5132    1.6696    1.9061    2.2003    2.5340
    2.6343    2.9969    3.3723    3.7557    4.1425    4.5301    4.9168    5.2994    5.6761    6.0452    5.9382    5.6882    5.4558    5.2411    5.0442    4.8651    4.7039    4.5607    4.4353    4.3279    4.2384    4.1669    4.1132    4.0775    4.0596    4.0596    4.0775    4.1132    4.1669    4.2384    4.3279    4.4353    4.5607    4.7039    4.8651    5.0442    5.2411    5.4558    5.6882    5.9382    6.0453    5.6762    5.2995    4.9169    4.5302    4.1426    3.7558    3.3724    2.9970    2.6344    2.2919    1.9790    1.7122    1.5120    1.4031    1.4031    1.5120    1.7121    1.9790    2.2918    2.6343
    2.7185    3.0785    3.4468    3.8192    4.1930    4.5654    4.9361    5.2994    5.6572    6.0062    5.9648    5.7236    5.5001    5.2944    5.1065    4.9364    4.7842    4.6500    4.5337    4.4353    4.3549    4.2923    4.2476    4.2209    4.2119    4.2209    4.2477    4.2923    4.3549    4.4353    4.5337    4.6500    4.7842    4.9364    5.1065    5.2944    5.5001    5.7236    5.9648    6.0063    5.6574    5.2995    4.9363    4.5655    4.1931    3.8193    3.4469    3.0786    2.7186    2.3724    2.0486    1.7584    1.5214    1.3620    1.3053    1.3620    1.5213    1.7583    2.0485    2.3723    2.7185
    2.7817    3.1349    3.4926    3.8519    4.2092    4.5654    4.9168    5.2620    5.5997    5.9291    6.0090    5.7768    5.5622    5.3654    5.1865    5.0255    4.8824    4.7572    4.6500    4.5607    4.4892    4.4357    4.4000    4.3822    4.3822    4.4000    4.4357    4.4892    4.5607    4.6500    4.7572    4.8824    5.0255    5.1865    5.3655    5.5622    5.7768    6.0090    5.9292    5.5998    5.2622    4.9169    4.5655    4.2093    3.8520    3.4927    3.1351    2.7818    2.4373    2.1078    1.8027    1.5368    1.3328    1.2202    1.2201    1.3328    1.5367    1.8026    2.1077    2.4372    2.7817
    2.8216    3.1645    3.5089    3.8518    4.1930    4.5301    4.8622    5.1889    5.5084    5.8183    6.0709    5.8476    5.6420    5.4543    5.2844    5.1325    4.9985    4.8824    4.7842    4.7039    4.6415    4.5970    4.5702    4.5613    4.5702    4.5970    4.6415    4.7039    4.7842    4.8824    4.9985    5.1325    5.2844    5.4543    5.6420    5.8476    6.0709    5.8185    5.5085    5.1890    4.8623    4.5302    4.1931    3.8520    3.5091    3.1646    2.8217    2.4834    2.1542    1.8409    1.5550    1.3150    1.1492    1.0886    1.1491    1.3149    1.5549    1.8408    2.1541    2.4833    2.8216
    2.8359    3.1645    3.4926    3.8192    4.1424    4.4607    4.7750    5.0840    5.3857    5.6801    5.9626    5.9360    5.7395    5.5609    5.4001    5.2573    5.1325    5.0255    4.9364    4.8651    4.8117    4.7761    4.7583    4.7583    4.7761    4.8117    4.8651    4.9364    5.0255    5.1325    5.2574    5.4001    5.5609    5.7395    5.9360    5.9628    5.6802    5.3858    5.0841    4.7751    4.4608    4.1426    3.8193    3.4927    3.1646    2.8360    2.5076    2.1834    1.8687    1.5713    1.3048    1.0924    0.9697    0.9697    1.0923    1.3047    1.5712    1.8686    2.1833    2.5075    2.8359
    2.8216    3.1349    3.4467    3.7556    4.0605    4.3613    4.6585    4.9506    5.2374    5.5174    5.7880    6.0421    5.8547    5.6853    5.5338    5.4001    5.2844    5.1865    5.1065    5.0442    4.9997    4.9731    4.9642    4.9731    4.9997    5.0442    5.1065    5.1865    5.2844    5.4001    5.5338    5.6853    5.8547    6.0421    5.7881    5.5175    5.2375    4.9507    4.6586    4.3614    4.0606    3.7558    3.4469    3.1351    2.8217    2.5076    2.1940    1.8838    1.5827    1.2995    1.0509    0.8689    0.7992    0.8689    1.0508    1.2994    1.5826    1.8837    2.1939    2.5075    2.8216
    2.7817    3.0784    3.3722    3.6634    3.9510    4.2359    4.5169    4.7942    5.0677    5.3347    5.5951    5.8459    5.9877    5.8275    5.6853    5.5609    5.4543    5.3654    5.2944    5.2411    5.2056    5.1878    5.1878    5.2056    5.2411    5.2944    5.3655    5.4543    5.5609    5.6853    5.8275    5.9877    5.8460    5.5952    5.3348    5.0679    4.7944    4.5170    4.2361    3.9512    3.6635    3.3724    3.0786    2.7818    2.4834    2.1834    1.8838    1.5865    1.2973    1.0258    0.7940    0.6473    0.6472    0.7939    1.0257    1.2971    1.5864    1.8836    2.1833    2.4832    2.7817
    2.7184    2.9969    3.2733    3.5470    3.8183    4.0880    4.3550    4.6194    4.8807    5.1369    5.3878    5.6308    5.8630    5.9877    5.8547    5.7395    5.6420    5.5622    5.5001    5.4558    5.4292    5.4203    5.4292    5.4558    5.5001    5.5622    5.6420    5.7395    5.8547    5.9877    5.8631    5.6309    5.3879    5.1370    4.8808    4.6196    4.3551    4.0882    3.8184    3.5472    3.2735    2.9970    2.7186    2.4373    2.1542    1.8687    1.5827    1.2973    1.0172    0.7531    0.5331    0.4349    0.5330    0.7529    1.0170    1.2971    1.5825    1.8685    2.1540    2.4371    2.7184
    2.6342    2.8945    3.1535    3.4109    3.6671    3.9230    4.1775    4.4299    4.6806    4.9272    5.1676    5.4030    5.6308    5.8459    6.0421    5.9360    5.8476    5.7768    5.7236    5.6882    5.6705    5.6705    5.6882    5.7236    5.7768    5.8476    5.9360    6.0421    5.8460    5.6309    5.4031    5.1677    4.9273    4.6808    4.4301    4.1777    3.9231    3.6673    3.4111    3.1537    2.8947    2.6344    2.3724    2.1078    1.8409    1.5713    1.2995    1.0258    0.7531    0.4882    0.2681    0.2680    0.4881    0.7529    1.0256    1.2994    1.5711    1.8407    2.1076    2.3722    2.6342
    2.5339    2.7763    3.0177    3.2595    3.5021    3.7448    3.9877    4.2294    4.4700    4.7072    4.9407    5.1676    5.3878    5.5951    5.7880    5.9626    6.0709    6.0090    5.9648    5.9382    5.9294    5.9382    5.9648    6.0090    6.0709    5.9627    5.7881    5.5952    5.3879    5.1677    4.9409    4.7073    4.4701    4.2295    3.9879    3.7450    3.5023    3.2597    3.0179    2.7765    2.5341    2.2919    2.0486    1.8027    1.5550    1.3048    1.0509    0.7940    0.5331    0.2681    0.0001    0.2679    0.5329    0.7938    1.0507    1.3045    1.5548    1.8025    2.0484    2.2917    2.5339
    2.4226    2.6455    2.8706    3.0971    3.3268    3.5578    3.7897    4.0217    4.2521    4.4820    4.7072    4.9272    5.1369    5.3347    5.5174    5.6801    5.8183    5.9291    6.0062    6.0452    6.0452    6.0062    5.9291    5.8184    5.6802    5.5174    5.3348    5.1370    4.9273    4.7073    4.4821    4.2522    4.0219    3.7898    3.5579    3.3270    3.0973    2.8708    2.6457    2.4228    2.2004    1.9790    1.7584    1.5368    1.3150    1.0924    0.8689    0.6473    0.4349    0.2680    0.2679    0.4347    0.6471    0.8687    1.0922    1.3148    1.5365    1.7581    1.9788    2.2002    2.4226
    2.3039    2.5087    2.7170    2.9295    3.1464    3.3652    3.5868    3.8089    4.0310    4.2521    4.4700    4.6806    4.8807    5.0677    5.2374    5.3857    5.5084    5.5997    5.6572    5.6761    5.6573    5.5997    5.5084    5.3857    5.2375    5.0678    4.8808    4.6807    4.4701    4.2522    4.0311    3.8091    3.5870    3.3654    3.1466    2.9297    2.7172    2.5089    2.3042    2.1036    1.9062    1.7122    1.5214    1.3328    1.1492    0.9697    0.7992    0.6472    0.5330    0.4881    0.5329    0.6471    0.7990    0.9695    1.1489    1.3326    1.5211    1.7120    1.9059    2.1033    2.3039
    2.1847    2.3704    2.5622    2.7603    2.9636    3.1715    3.3821    3.5955    3.8089    4.0217    4.2294    4.4299    4.6194    4.7942    4.9506    5.0840    5.1889    5.2620    5.2994    5.2994    5.2621    5.1889    5.0840    4.9506    4.7943    4.6195    4.4301    4.2295    4.0219    3.8090    3.5957    3.3823    3.1717    2.9638    2.7605    2.5624    2.3707    2.1849    2.0062    1.8342    1.6697    1.5120    1.3620    1.2202    1.0886    0.9697    0.8689    0.7939    0.7529    0.7529    0.7938    0.8687    0.9695    1.0884    1.2199    1.3618    1.5117    1.6694    1.8339    2.0059    2.1847
    2.0695    2.2349    2.4095    2.5927    2.7823    2.9782    3.1789    3.3821    3.5868    3.7897    3.9877    4.1775    4.3550    4.5169    4.6585    4.7750    4.8622    4.9168    4.9361    4.9168    4.8622    4.7750    4.6585    4.5170    4.3551    4.1776    3.9879    3.7898    3.5870    3.3823    3.1791    2.9784    2.7825    2.5929    2.4097    2.2351    2.0697    1.9143    1.7691    1.6351    1.5132    1.4031    1.3053    1.2201    1.1491    1.0923    1.0508    1.0257    1.0170    1.0256    1.0507    1.0922    1.1489    1.2199    1.3050    1.4029    1.5130    1.6349    1.7689    1.9140    2.0695
    1.9624    2.1063    2.2625    2.4291    2.6051    2.7887    2.9782    3.1715    3.3652    3.5578    3.7448    3.9230    4.0880    4.2359    4.3613    4.4607    4.5301    4.5654    4.5654    4.5301    4.4607    4.3613    4.2360    4.0881    3.9231    3.7449    3.5579    3.3654    3.1717    2.9784    2.7889    2.6053    2.4294    2.2628    2.1065    1.9626    1.8317    1.7153    1.6138    1.5286    1.4583    1.4031    1.3620    1.3328    1.3149    1.3047    1.2994    1.2971    1.2971    1.2994    1.3045    1.3148    1.3326    1.3618    1.4029    1.4580    1.5283    1.6135    1.7151    1.8315    1.9624
    1.8680    1.9888    2.1245    2.2739    2.4349    2.6051    2.7823    2.9636    3.1464    3.3268    3.5021    3.6671    3.8183    3.9510    4.0605    4.1424    4.1930    4.2092    4.1930    4.1425    4.0605    3.9511    3.8184    3.6672    3.5022    3.3270    3.1466    2.9638    2.7825    2.6053    2.4352    2.2742    2.1247    1.9890    1.8682    1.7634    1.6768    1.6092    1.5597    1.5286    1.5132    1.5120    1.5213    1.5367    1.5549    1.5712    1.5826    1.5864    1.5825    1.5711    1.5548    1.5365    1.5211    1.5117    1.5130    1.5283    1.5594    1.6089    1.6766    1.7632    1.8680
    1.7899    1.8852    1.9998    2.1301    2.2739    2.4291    2.5927    2.7603    2.9295    3.0971    3.2595    3.4109    3.5470    3.6634    3.7556    3.8192    3.8518    3.8519    3.8192    3.7557    3.6635    3.5471    3.4110    3.2596    3.0972    2.9297    2.7605    2.5929    2.4294    2.2742    2.1304    2.0001    1.8855    1.7901    1.7133    1.6576    1.6231    1.6092    1.6138    1.6351    1.6696    1.7121    1.7583    1.8026    1.8408    1.8686    1.8837    1.8836    1.8685    1.8407    1.8025    1.7581    1.7120    1.6694    1.6349    1.6135    1.6089    1.6229    1.6573    1.7130    1.7899
    1.7306    1.8003    1.8910    1.9998    2.1245    2.2625    2.4095    2.5622    2.7170    2.8706    3.0177    3.1535    3.2733    3.3722    3.4467    3.4926    3.5089    3.4926    3.4468    3.3723    3.2734    3.1536    3.0178    2.8707    2.7171    2.5624    2.4097    2.2627    2.1247    2.0001    1.8912    1.8006    1.7309    1.6845    1.6599    1.6576    1.6768    1.7153    1.7691    1.8341    1.9061    1.9790    2.0485    2.1077    2.1541    2.1833    2.1939    2.1833    2.1540    2.1076    2.0484    1.9788    1.9059    1.8339    1.7689    1.7151    1.6766    1.6573    1.6596    1.6842    1.7306
    1.6948    1.7358    1.8003    1.8852    1.9888    2.1063    2.2349    2.3704    2.5087    2.6455    2.7763    2.8945    2.9969    3.0784    3.1349    3.1645    3.1645    3.1349    3.0785    2.9969    2.8946    2.7764    2.6457    2.5088    2.3706    2.2351    2.1065    1.9890    1.8855    1.8006    1.7360    1.6951    1.6776    1.6845    1.7133    1.7634    1.8317    1.9143    2.0061    2.1035    2.2003    2.2918    2.3723    2.4372    2.4833    2.5075    2.5075    2.4832    2.4371    2.3722    2.2917    2.2002    2.1033    2.0059    1.9140    1.8315    1.7632    1.7130    1.6842    1.6773    1.6948
    1.6824    1.6948    1.7306    1.7899    1.8680    1.9624    2.0695    2.1847    2.3039    2.4226    2.5339    2.6342    2.7184    2.7817    2.8216    2.8359    2.8216    2.7817    2.7185    2.6343    2.5340    2.4227    2.3041    2.1849    2.0697    1.9626    1.8682    1.7901    1.7309    1.6951    1.6827    1.6951    1.7309    1.7901    1.8682    1.9626    2.0697    2.1849    2.3041    2.4227    2.5340    2.6343    2.7185    2.7817    2.8216    2.8359    2.8216    2.7817    2.7184    2.6342    2.5339    2.4226    2.3039    2.1847    2.0695    1.9624    1.8680    1.7899    1.7306    1.6948    1.6824
