Generated by cif2cell 1.1.5 from COD reference: 9011362. S8 :  Rettig, S. J. and Trotter, J., Acta Crystallographica, Section C 43, 2260-2262 (1987).
  10.464600
  0.500000000000000   0.000000000000000   1.169944383922940
  0.500000000000000   0.614739216023546   0.000000000000000
  0.000000000000000   0.614739216023546   1.169944383922940
   S
  32
Direct
  0.854630000000000   0.857050000000000   0.048290000000000 
  0.142950000000000   0.145370000000000   0.259970000000000 
  0.740030000000000   0.048290000000000   0.857050000000000 
  0.048290000000000   0.740030000000000   0.854630000000000 
  0.857050000000000   0.854630000000000   0.740030000000000 
  0.259970000000000   0.951710000000000   0.142950000000000 
  0.951710000000000   0.259970000000000   0.145370000000000 
  0.145370000000000   0.142950000000000   0.951710000000000 
  0.731650000000000   0.683010000000000   0.276530000000000 
  0.316990000000000   0.268350000000000   0.191190000000000 
  0.808810000000000   0.276530000000000   0.683010000000000 
  0.276530000000000   0.808810000000000   0.731650000000000 
  0.683010000000000   0.731650000000000   0.808810000000000 
  0.191190000000000   0.723470000000000   0.316990000000000 
  0.723470000000000   0.191190000000000   0.268350000000000 
  0.268350000000000   0.316990000000000   0.723470000000000 
  0.830160000000000   0.738140000000000   0.322300000000000 
  0.261860000000000   0.169840000000000   0.390600000000000 
  0.609400000000000   0.322300000000000   0.738140000000000 
  0.322300000000000   0.609400000000000   0.830160000000000 
  0.738140000000000   0.830160000000000   0.609400000000000 
  0.390600000000000   0.677700000000000   0.261860000000000 
  0.677700000000000   0.390600000000000   0.169840000000000 
  0.169840000000000   0.261860000000000   0.677700000000000 
  0.007750000000000   0.564170000000000   0.251190000000000 
  0.435830000000000   0.992250000000000   0.323110000000000 
  0.676890000000000   0.251190000000000   0.564170000000000 
  0.251190000000000   0.676890000000000   0.007750000000000 
  0.564170000000000   0.007750000000000   0.676890000000000 
  0.323110000000000   0.748810000000000   0.435830000000000 
  0.748810000000000   0.323110000000000   0.992250000000000 
  0.992250000000000   0.435830000000000   0.748810000000000 
